0.0013519116059442417;0.0013636363636363635;
0.0026805808533595116;0.002727272727272727;
0.00398631568339257;0.00409090909090909;
0.0052694203456407724;0.005454545454545454;
0.006530195440217505;0.00681818181818182;
0.0077689379593523025;0.00818181818181818;
0.008985941328530726;0.009545454545454546;
0.010181495447178942;0.010909090909090908;
0.011355886728898045;0.012272727272727274;
0.012509398141252894;0.01363636363636364;
0.012509398141252894;0.01363636363636364;
0.012509398141252894;0.01363636363636364;
0.013642309245120407;0.015000000000000001;
0.013642309245120407;0.015000000000000001;
0.013642309245120407;0.015000000000000001;
0.014754896233602021;0.01636363636363636;
0.014754896233602021;0.01636363636363636;
0.014754896233602021;0.01636363636363636;
0.01584743197050512;0.017727272727272727;
0.01584743197050512;0.017727272727272727;
0.01584743197050512;0.017727272727272727;
0.016920186028398038;0.019090909090909092;
0.016920186028398038;0.019090909090909092;
0.016920186028398038;0.019090909090909092;
0.017973424726243362;0.02045454545454545;
0.017973424726243362;0.02045454545454545;
0.017973424726243362;0.02045454545454545;
0.01900741116661405;0.021818181818181816;
0.01900741116661405;0.021818181818181816;
0.01900741116661405;0.021818181818181816;
0.020022405272496886;0.023181818181818182;
0.020022405272496886;0.023181818181818182;
0.020022405272496886;0.023181818181818182;
0.02101866382368787;0.024545454545454547;
0.02101866382368787;0.024545454545454547;
0.02101866382368787;0.024545454545454547;
0.021996440492783834;0.025909090909090913;
0.021996440492783834;0.025909090909090913;
0.021996440492783834;0.025909090909090913;
0.02295598588077477;0.02727272727272728;
0.02295598588077477;0.02727272727272728;
0.02295598588077477;0.02727272727272728;
0.023897547552241206;0.028636363636363637;
0.023897547552241206;0.028636363636363637;
0.023897547552241206;0.028636363636363637;
0.024821370070160883;0.030000000000000002;
0.024821370070160883;0.030000000000000002;
0.024821370070160883;0.030000000000000002;
0.025727695030329022;0.031363636363636364;
0.025727695030329022;0.031363636363636364;
0.025727695030329022;0.031363636363636364;
0.02661676109539635;0.03272727272727272;
0.02661676109539635;0.03272727272727272;
0.02661676109539635;0.03272727272727272;
0.027488804028529153;0.03409090909090909;
0.027488804028529153;0.03409090909090909;
0.027488804028529153;0.03409090909090909;
0.028344056726695255;0.035454545454545454;
0.028344056726695255;0.035454545454545454;
0.028344056726695255;0.035454545454545454;
0.02918274925358021;0.03681818181818182;
0.02918274925358021;0.03681818181818182;
0.02918274925358021;0.03681818181818182;
0.0300051088721377;0.038181818181818185;
0.0300051088721377;0.038181818181818185;
0.0300051088721377;0.038181818181818185;
0.03081136007677791;0.03954545454545454;
0.03081136007677791;0.03954545454545454;
0.03081136007677791;0.03954545454545454;
0.03160172462519817;0.0409090909090909;
0.03160172462519817;0.0409090909090909;
0.03160172462519817;0.0409090909090909;
0.03237642156985945;0.04227272727272727;
0.03237642156985945;0.04227272727272727;
0.03237642156985945;0.04227272727272727;
0.033135667289112734;0.04363636363636363;
0.033135667289112734;0.04363636363636363;
0.033135667289112734;0.04363636363636363;
0.03387967551797908;0.045;
0.03387967551797908;0.045;
0.03387967551797908;0.045;
0.034608657378587065;0.046363636363636364;
0.034608657378587065;0.046363636363636364;
0.034608657378587065;0.046363636363636364;
0.035322821410271356;0.04772727272727272;
0.035322821410271356;0.04772727272727272;
0.035322821410271356;0.04772727272727272;
0.036022373599336285;0.049090909090909095;
0.036022373599336285;0.049090909090909095;
0.036022373599336285;0.049090909090909095;
0.036707517408487704;0.050454545454545446;
0.036707517408487704;0.050454545454545446;
0.036707517408487704;0.050454545454545446;
0.03737845380593726;0.051818181818181826;
0.03737845380593726;0.051818181818181826;
0.03737845380593726;0.051818181818181826;
0.038035381294181984;0.05318181818181818;
0.038035381294181984;0.05318181818181818;
0.038035381294181984;0.05318181818181818;
0.038678495938463606;0.05454545454545456;
0.038678495938463606;0.05454545454545456;
0.038678495938463606;0.05454545454545456;
0.03930799139491009;0.05590909090909091;
0.03930799139491009;0.05590909090909091;
0.03930799139491009;0.05590909090909091;
0.03992405893836378;0.057272727272727274;
0.03992405893836378;0.057272727272727274;
0.03992405893836378;0.057272727272727274;
0.04052688748989895;0.05863636363636364;
0.04052688748989895;0.05863636363636364;
0.04052688748989895;0.05863636363636364;
0.04111666364403245;0.060000000000000005;
0.04111666364403245;0.060000000000000005;
0.04111666364403245;0.060000000000000005;
0.041693571695630656;0.06136363636363637;
0.041693571695630656;0.06136363636363637;
0.041693571695630656;0.06136363636363637;
0.04225779366651615;0.06272727272727273;
0.04225779366651615;0.06272727272727273;
0.04225779366651615;0.06272727272727273;
0.04280950933177735;0.06409090909090909;
0.04280950933177735;0.06409090909090909;
0.04280950933177735;0.06409090909090909;
0.043348896245784356;0.06545454545454545;
0.043348896245784356;0.06545454545454545;
0.043348896245784356;0.06545454545454545;
0.04387612976791408;0.06681818181818182;
0.04387612976791408;0.06681818181818182;
0.04387612976791408;0.06681818181818182;
0.04439138308798821;0.06818181818181818;
0.04439138308798821;0.06818181818181818;
0.04439138308798821;0.06818181818181818;
0.04489482725142664;0.06954545454545455;
0.04489482725142664;0.06954545454545455;
0.04489482725142664;0.06954545454545455;
0.04538663118411993;0.07090909090909091;
0.04538663118411993;0.07090909090909091;
0.04538663118411993;0.07090909090909091;
0.04586696171702354;0.07227272727272728;
0.04586696171702354;0.07227272727272728;
0.04586696171702354;0.07227272727272728;
0.04633598361047709;0.07363636363636364;
0.04633598361047709;0.07363636363636364;
0.04633598361047709;0.07363636363636364;
0.04679385957825153;0.07500000000000001;
0.04679385957825153;0.07500000000000001;
0.04679385957825153;0.07500000000000001;
0.047240750311327295;0.07636363636363637;
0.047240750311327295;0.07636363636363637;
0.047240750311327295;0.07636363636363637;
0.047676814501406255;0.07772727272727273;
0.047676814501406255;0.07772727272727273;
0.047676814501406255;0.07772727272727273;
0.0481022088641605;0.07909090909090909;
0.0481022088641605;0.07909090909090909;
0.0481022088641605;0.07909090909090909;
0.04851708816222082;0.08045454545454546;
0.04851708816222082;0.08045454545454546;
0.04851708816222082;0.08045454545454546;
0.04892160522790757;0.0818181818181818;
0.04892160522790757;0.0818181818181818;
0.04892160522790757;0.0818181818181818;
0.04931591098570707;0.08318181818181819;
0.04931591098570707;0.08318181818181819;
0.04931591098570707;0.08318181818181819;
0.049700154474495856;0.08454545454545453;
0.049700154474495856;0.08454545454545453;
0.049700154474495856;0.08454545454545453;
0.05007448286951612;0.08590909090909092;
0.05007448286951612;0.08590909090909092;
0.05007448286951612;0.08590909090909092;
0.05043904150410447;0.08727272727272727;
0.05043904150410447;0.08727272727272727;
0.05043904150410447;0.08727272727272727;
0.050793973891177166;0.08863636363636364;
0.050793973891177166;0.08863636363636364;
0.050793973891177166;0.08863636363636364;
0.05113942174447426;0.09;
0.05113942174447426;0.09;
0.05113942174447426;0.09;
0.05147552499956542;0.09136363636363637;
0.05147552499956542;0.09136363636363637;
0.05147552499956542;0.09136363636363637;
0.05180242183461981;0.09272727272727273;
0.05180242183461981;0.09272727272727273;
0.05180242183461981;0.09272727272727273;
0.05212024869094305;0.09409090909090909;
0.05212024869094305;0.09409090909090909;
0.05212024869094305;0.09409090909090909;
0.05242914029328323;0.09545454545454544;
0.05242914029328323;0.09545454545454544;
0.05242914029328323;0.09545454545454544;
0.05272922966990911;0.09681818181818182;
0.053020648172462506;0.09818181818181819;
0.053303525495587596;0.09954545454545455;
0.05357798969633968;0.10090909090909089;
0.05384416721337548;0.10227272727272728;
0.05410218288592766;0.10363636363636365;
0.054352159972565824;0.105;
0.05459422016974657;0.10636363636363635;
0.054828483630154266;0.10772727272727273;
0.05505506898083569;0.10909090909090911;
0.05527409334113026;0.11045454545454546;
0.05548567234039817;0.11181818181818182;
0.055689920135548736;0.11318181818181818;
0.05588694942837131;0.11454545454545455;
0.05607687148267042;0.1159090909090909;
0.056259796141207935;0.11727272727272728;
0.056435831842453835;0.11863636363636364;
0.05660508563714812;0.12000000000000001;
0.05676766320467542;0.12136363636363635;
0.0569236688692551;0.12272727272727274;
0.05707320561594812;0.12409090909090909;
0.057216375106483155;0.12545454545454546;
0.05735327769490373;0.12681818181818183;
0.057484012443038704;0.12818181818181817;
0.05760867713579741;0.12954545454545452;
0.05772736829629198;0.1309090909090909;
0.05784018120078846;0.1322727272727273;
0.05794720989348876;0.13363636363636364;
0.05804854720114503;0.13499999999999998;
0.05814428474750868;0.13636363636363635;
0.05823451296761559;0.13772727272727273;
0.05831932112190935;0.1390909090909091;
0.05839879731020458;0.14045454545454544;
0.05847302848549161;0.14181818181818182;
0.05854210046758477;0.1431818181818182;
0.058606097956615685;0.14454545454545456;
0.0586651045463734;0.1459090909090909;
0.058719202737493065;0.14727272727272728;
0.05876847395049476;0.14863636363636365;
0.05881299853867418;0.15000000000000002;
0.05885285580084678;0.15136363636363637;
0.05888812399394716;0.15272727272727274;
0.058918880345484786;0.15409090909090908;
0.05894520106585846;0.15545454545454546;
0.058967161360530256;0.1568181818181818;
0.05898483544206113;0.15818181818181817;
0.05899829654200922;0.15954545454545455;
0.05900761692269286;0.16090909090909092;
0.05901286788881922;0.16227272727272726;
0.059014119798980684;0.1636363636363636;
0.05901144207701996;0.165;
0.05900490322326559;0.16636363636363638;
0.05899457082563922;0.16772727272727272;
0.05898051157063602;0.16909090909090907;
0.05896279125418001;0.17045454545454544;
0.058941474792354856;0.17181818181818184;
0.05891662623201255;0.1731818181818182;
0.058888308761260624;0.17454545454545453;
0.05885658471982933;0.1759090909090909;
0.05882151560932043;0.17727272727272728;
0.058783162103338574;0.17863636363636365;
0.058741584057506804;0.18;
0.05869684051936721;0.18136363636363637;
0.05864898973816842;0.18272727272727274;
0.058598089174540735;0.1840909090909091;
0.05854419551006033;0.18545454545454546;
0.05848736465670406;0.18681818181818183;
0.05842765176619541;0.18818181818181817;
0.05836511123924356;0.18954545454545454;
0.05829979673467607;0.1909090909090909;
0.05823176117846699;0.19227272727272726;
0.058161056772661014;0.19363636363636363;
0.05808773500419518;0.195;
0.05801184665361914;0.19636363636363638;
0.0579334418037151;0.19772727272727272;
0.057852569848018696;0.1990909090909091;
0.05776927949924169;0.20045454545454547;
0.05768361879759759;0.20181818181818179;
0.057595635119031784;0.20318181818181816;
0.057505375183356265;0.20454545454545456;
0.05741288506229102;0.20590909090909093;
0.05731821018741261;0.2072727272727273;
0.05722139535801086;0.20863636363636362;
0.05712248474885517;0.21;
0.05702152191787083;0.2113636363636364;
0.05691854981372707;0.2127272727272727;
0.05681361078333713;0.21409090909090908;
0.056706746579271654;0.21545454545454545;
0.05659799836708666;0.21681818181818183;
0.05648740673256636;0.21818181818181823;
0.05637501168888243;0.21954545454545454;
0.05626085268367033;0.22090909090909092;
0.05614496860602356;0.22227272727272726;
0.056027397793407034;0.22363636363636363;
0.05590817803849024;0.22499999999999998;
0.05578734659590127;0.22636363636363635;
0.055664940188902244;0.22772727272727272;
0.05554099501598761;0.2290909090909091;
0.05541554675740557;0.23045454545454547;
0.05528863058160387;0.2318181818181818;
0.05516028115160068;0.23318181818181818;
0.055030532631281465;0.23454545454545456;
0.05489941869162254;0.23590909090909087;
0.05476697251684227;0.23727272727272727;
0.05463322681048062;0.23863636363636365;
0.054498213801408096;0.24000000000000002;
0.05436196524976433;0.2413636363636364;
0.054224512452827875;0.2427272727272727;
0.05408588625081734;0.2440909090909091;
0.05394611703262475;0.24545454545454548;
0.053805234741482265;0.2468181818181818;
0.053663268880562595;0.24818181818181817;
0.05352024851851401;0.24954545454545454;
0.05337620229493066;0.2509090909090909;
0.053231158425759026;0.2522727272727273;
0.05308514470864112;0.25363636363636366;
0.0529381885281951;0.255;
0.052790316861234095;0.25636363636363635;
0.052641556281923955;0.25772727272727275;
0.052491932966880636;0.25909090909090904;
0.05234147270020768;0.26045454545454544;
0.05219020087847461;0.2618181818181818;
0.05203814251563725;0.2631818181818182;
0.051885322247899775;0.2645454545454546;
0.0517317643385201;0.2659090909090909;
0.05157749268255866;0.2672727272727273;
0.051422530811571256;0.2686363636363636;
0.0512669018982469;0.26999999999999996;
0.05111062876099103;0.27136363636363636;
0.05095373386845481;0.2727272727272727;
0.05079623934401087;0.27409090909090905;
0.05063816697017665;0.27545454545454545;
0.05047953819298557;0.2768181818181818;
0.050320374126306196;0.2781818181818182;
0.05016069555611112;0.27954545454545454;
0.050000522944694835;0.2809090909090909;
0.049839876434842355;0.28227272727272723;
0.04967877585394808;0.28363636363636363;
0.0495172407180862;0.285;
0.04935529023603308;0.2863636363636364;
0.04919294331324183;0.2877272727272727;
0.0490302185557698;0.2890909090909091;
0.04886713427415994;0.29045454545454547;
0.04870370848727552;0.2918181818181818;
0.04853995892608995;0.29318181818181815;
0.0483759030374314;0.29454545454545455;
0.048211557987683035;0.2959090909090909;
0.04804694066643921;0.2972727272727273;
0.04788206769011825;0.29863636363636364;
0.047716955405532474;0.30000000000000004;
0.047551619893415574;0.30136363636363633;
0.047386076971907935;0.30272727272727273;
0.047220342200000764;0.3040909090909091;
0.04705443088093891;0.3054545454545455;
0.04688835806558332;0.3068181818181818;
0.04672213855573316;0.30818181818181817;
0.046555786907408664;0.30954545454545457;
0.04638931743409449;0.3109090909090909;
0.04622274420994437;0.31227272727272726;
0.046056081072947765;0.3136363636363636;
0.04588934162805816;0.315;
0.04572253925028448;0.31636363636363635;
0.045555687087744955;0.31772727272727275;
0.045388798064684995;0.3190909090909091;
0.04522188488445844;0.3204545454545455;
0.04505496003247325;0.32181818181818184;
0.04488803577910195;0.3231818181818182;
0.04472112418255697;0.3245454545454545;
0.044554237091731494;0.3259090909090909;
0.04438738614900649;0.3272727272727272;
0.04422058279302339;0.32863636363636367;
0.04405383826142402;0.33;
0.04405383826142402;0.33;
0.04405383826142402;0.33;
0.04388716359355717;0.3313636363636364;
0.04388716359355717;0.3313636363636364;
0.04388716359355717;0.3313636363636364;
0.04372056963315285;0.33272727272727276;
0.04372056963315285;0.33272727272727276;
0.04372056963315285;0.33272727272727276;
0.04355406703096403;0.3340909090909091;
0.04355406703096403;0.3340909090909091;
0.04355406703096403;0.3340909090909091;
0.04338766624737679;0.33545454545454545;
0.04338766624737679;0.33545454545454545;
0.04338766624737679;0.33545454545454545;
0.04322137755498895;0.33681818181818185;
0.04322137755498895;0.33681818181818185;
0.04322137755498895;0.33681818181818185;
0.04305521104115741;0.33818181818181814;
0.04305521104115741;0.33818181818181814;
0.04305521104115741;0.33818181818181814;
0.0428891766105149;0.3395454545454546;
0.0428891766105149;0.3395454545454546;
0.0428891766105149;0.3395454545454546;
0.04272328398745629;0.3409090909090909;
0.04272328398745629;0.3409090909090909;
0.04272328398745629;0.3409090909090909;
0.04255754271859489;0.34227272727272723;
0.04255754271859489;0.34227272727272723;
0.04255754271859489;0.34227272727272723;
0.04239196217518886;0.3436363636363637;
0.04239196217518886;0.3436363636363637;
0.04239196217518886;0.3436363636363637;
0.042226551555538436;0.345;
0.042226551555538436;0.345;
0.042226551555538436;0.345;
0.042061319887354176;0.3463636363636364;
0.042061319887354176;0.3463636363636364;
0.042061319887354176;0.3463636363636364;
0.04189627603009623;0.3477272727272727;
0.04189627603009623;0.3477272727272727;
0.04189627603009623;0.3477272727272727;
0.04173142867728555;0.34909090909090906;
0.04173142867728555;0.34909090909090906;
0.04173142867728555;0.34909090909090906;
0.04156678635878699;0.3504545454545454;
0.04156678635878699;0.3504545454545454;
0.04156678635878699;0.3504545454545454;
0.041402357443064496;0.3518181818181818;
0.041402357443064496;0.3518181818181818;
0.041402357443064496;0.3518181818181818;
0.041238150139409256;0.35318181818181815;
0.041238150139409256;0.35318181818181815;
0.041238150139409256;0.35318181818181815;
0.04107417250014048;0.35454545454545455;
0.04107417250014048;0.35454545454545455;
0.04107417250014048;0.35454545454545455;
0.0409104324227796;0.3559090909090909;
0.0409104324227796;0.3559090909090909;
0.0409104324227796;0.3559090909090909;
0.040746937652197925;0.3572727272727273;
0.040746937652197925;0.3572727272727273;
0.040746937652197925;0.3572727272727273;
0.040583695782738224;0.35863636363636364;
0.040583695782738224;0.35863636363636364;
0.040583695782738224;0.35863636363636364;
0.04042071426031043;0.36;
0.04042071426031043;0.36;
0.04042071426031043;0.36;
0.040258000384461826;0.36136363636363633;
0.040258000384461826;0.36136363636363633;
0.040258000384461826;0.36136363636363633;
0.040095561310421975;0.36272727272727273;
0.040095561310421975;0.36272727272727273;
0.040095561310421975;0.36272727272727273;
0.03993340405112269;0.3640909090909091;
0.03993340405112269;0.3640909090909091;
0.03993340405112269;0.3640909090909091;
0.03977153547919348;0.3654545454545455;
0.03977153547919348;0.3654545454545455;
0.03977153547919348;0.3654545454545455;
0.03960996232893236;0.3668181818181818;
0.03960996232893236;0.3668181818181818;
0.03960996232893236;0.3668181818181818;
0.0394486911982528;0.3681818181818182;
0.0394486911982528;0.3681818181818182;
0.0394486911982528;0.3681818181818182;
0.03928772855060687;0.3695454545454545;
0.03928772855060687;0.3695454545454545;
0.03928772855060687;0.3695454545454545;
0.03912708071688469;0.3709090909090909;
0.03912708071688469;0.3709090909090909;
0.03912708071688469;0.3709090909090909;
0.03896675389729072;0.37227272727272726;
0.03896675389729072;0.37227272727272726;
0.03896675389729072;0.37227272727272726;
0.038806754163197156;0.37363636363636366;
0.038806754163197156;0.37363636363636366;
0.038806754163197156;0.37363636363636366;
0.038647087458974425;0.375;
0.038647087458974425;0.375;
0.038647087458974425;0.375;
0.03848775960379937;0.37636363636363634;
0.03848775960379937;0.37636363636363634;
0.03848775960379937;0.37636363636363634;
0.03832877629344119;0.37772727272727274;
0.03817014310202559;0.3790909090909091;
0.03801186548377695;0.3804545454545455;
0.03785394877473934;0.3818181818181818;
0.03769639819447646;0.3831818181818182;
0.037539218847750244;0.3845454545454545;
0.0373824157261792;0.3859090909090909;
0.03722599370987613;0.38727272727272727;
0.03706995756906573;0.38863636363636367;
0.036914311965682255;0.39;
0.03675906145494721;0.39136363636363636;
0.03660421048692812;0.39272727272727276;
0.03644976340807737;0.3940909090909091;
0.03629572446275249;0.39545454545454545;
0.0361420977947176;0.39681818181818185;
0.03598888744862594;0.3981818181818182;
0.03583609737148442;0.3995454545454546;
0.03568373141409976;0.40090909090909094;
0.035531793332507076;0.40227272727272734;
0.035380286789380135;0.40363636363636357;
0.03522921535542472;0.405;
0.03507858251075436;0.4063636363636363;
0.03492839164624901;0.40772727272727277;
0.034778646064896925;0.4090909090909091;
0.03462934898311986;0.4104545454545454;
0.034480503532081576;0.41181818181818186;
0.03433211275898036;0.41318181818181815;
0.03418417962832517;0.4145454545454546;
0.03403670702319613;0.41590909090909084;
0.033889697746489096;0.41727272727272724;
0.03374315452214473;0.4186363636363636;
0.03359707999636248;0.42;
0.033451476738799;0.42136363636363633;
0.03330634724375194;0.4227272727272728;
0.03316169393132877;0.4240909090909091;
0.03301751914860109;0.4254545454545454;
0.03287382517074441;0.4268181818181818;
0.03273061420216359;0.42818181818181816;
0.032587888377604644;0.4295454545454545;
0.032445649763251865;0.4309090909090909;
0.03230390035781193;0.43227272727272725;
0.03216264209358399;0.43363636363636365;
0.0320218768375165;0.435;
0.03188160639225068;0.43636363636363645;
0.031741832497151075;0.4377272727272727;
0.031602556829323;0.4390909090909091;
0.03146378100461731;0.44045454545454543;
0.03132550657862244;0.44181818181818183;
0.03118773504764418;0.4431818181818182;
0.031050467849672924;0.4445454545454545;
0.03091370636533886;0.4459090909090909;
0.03077745191885519;0.44727272727272727;
0.030641705778949438;0.44863636363636367;
0.030506469159782966;0.44999999999999996;
0.030371743221859118;0.45136363636363636;
0.03023752907291975;0.4527272727272727;
0.030103827768830544;0.4540909090909091;
0.029970640314455187;0.45545454545454545;
0.02983796766451863;0.45681818181818185;
0.029705810724459256;0.4581818181818182;
0.029574170351270492;0.45954545454545453;
0.029443047354331883;0.46090909090909093;
0.02931244249622949;0.4622727272727273;
0.029182356493566163;0.4636363636363636;
0.029052790017761395;0.465;
0.028923743695841466;0.46636363636363637;
0.02879521811121918;0.46772727272727277;
0.028667213804464145;0.4690909090909091;
0.028539731274063212;0.4704545454545455;
0.02841277097717142;0.47181818181818175;
0.028286333330353422;0.4731818181818182;
0.02816041871031554;0.47454545454545455;
0.02803502745462887;0.47590909090909095;
0.027910159862442968;0.4772727272727273;
0.027785816195190813;0.4786363636363636;
0.02766199667728487;0.48000000000000004;
0.027538701496804336;0.4813636363636364;
0.027415930806173834;0.4827272727272728;
0.027293684722833604;0.484090909090909;
0.027171963329901364;0.4854545454545454;
0.027050766676825693;0.48681818181818176;
0.026930094780031385;0.4881818181818182;
0.026809947623556842;0.4895454545454545;
0.02669032515968324;0.49090909090909096;
0.026571227309556054;0.49227272727272725;
0.026452653963798825;0.4936363636363636;
0.02633460498311922;0.49500000000000005;
0.026217080198907502;0.49636363636363634;
0.026100079413827765;0.4977272727272727;
0.025983602402401725;0.4990909090909091;
0.025867648911585196;0.5004545454545455;
0.025752218661337558;0.5018181818181818;
0.02563731134518427;0.5031818181818182;
0.025522926630772158;0.5045454545454546;
0.02540906416041822;0.5059090909090909;
0.025295723551651453;0.5072727272727273;
0.02518290439774818;0.5086363636363637;
0.025070606268260687;0.51;
0.02495882870953952;0.5113636363636364;
0.02484757124524948;0.5127272727272727;
0.02473683337687914;0.5140909090909092;
0.024626614584244363;0.5154545454545455;
0.024516914325985753;0.5168181818181818;
0.024407732040059936;0.5181818181818181;
0.024299067144225143;0.5195454545454545;
0.02419091903652081;0.5209090909090909;
0.024083287095741614;0.5222727272727273;
0.023976170681905683;0.5236363636363636;
0.02386956913671739;0.525;
0.023763481784024754;0.5263636363636364;
0.02365790793027114;0.5277272727272727;
0.02355284686494209;0.5290909090909092;
0.023448297861006516;0.5304545454545454;
0.02334426017535326;0.5318181818181817;
0.02324073304922205;0.5331818181818182;
0.023137715708629897;0.5345454545454545;
0.023035207364792587;0.535909090909091;
0.022933207214541094;0.5372727272727272;
0.02283171444073361;0.5386363636363637;
0.022730728212662775;0.5399999999999999;
0.02263024768645832;0.5413636363636364;
0.022530272005485356;0.5427272727272727;
0.02243080030073816;0.5440909090909091;
0.02233183169122978;0.5454545454545454;
0.022233365284377218;0.5468181818181818;
0.022135400176382547;0.5481818181818181;
0.022037935452610114;0.5495454545454546;
0.02194097018795944;0.5509090909090909;
0.021844503447234313;0.5522727272727272;
0.021748534285508214;0.5536363636363636;
0.021653061748485712;0.555;
0.02155808487286031;0.5563636363636364;
0.021463602686668644;0.5577272727272727;
0.021369614209641112;0.5590909090909091;
0.021276118453549115;0.5604545454545455;
0.021183114422548773;0.5618181818181818;
0.021090601113521616;0.5631818181818182;
0.020998577516411553;0.5645454545454545;
0.02090704261455922;0.5659090909090909;
0.02081599538503284;0.5672727272727273;
0.020725434798956326;0.5686363636363636;
0.020635359821834284;0.57;
0.02054576941387417;0.5713636363636364;
0.020456662530305942;0.5727272727272728;
0.0203680381216985;0.5740909090909091;
0.020279895134273935;0.5754545454545454;
0.02019223251021904;0.5768181818181819;
0.02010504918799439;0.5781818181818182;
0.020018344102640848;0.5795454545454546;
0.01993211618608408;0.5809090909090909;
0.019846364367436503;0.5822727272727272;
0.019761087573297243;0.5836363636363636;
0.019676284728049838;0.5850000000000001;
0.019591954754158175;0.5863636363636363;
0.019508096572460182;0.5877272727272728;
0.01942470910245982;0.5890909090909091;
0.019341791262617345;0.5904545454545455;
0.019259341970637722;0.5918181818181818;
0.019177360143757507;0.5931818181818181;
0.019095844699030043;0.5945454545454546;
0.019014794553609507;0.5959090909090908;
0.01893420862503313;0.5972727272727273;
0.01885408583150239;0.5986363636363635;
0.018774425092163077;0.6000000000000001;
0.01869522532738383;0.6013636363636364;
0.01861648545903404;0.6027272727272727;
0.01853820441076044;0.604090909090909;
0.018460381108263087;0.6054545454545455;
0.018383014479570373;0.6068181818181819;
0.018306103455313198;0.6081818181818182;
0.018229646968999005;0.6095454545454545;
0.01815364395728456;0.610909090909091;
0.01807809336024899;0.6122727272727273;
0.018002994121665897;0.6136363636363636;
0.017928345189275628;0.615;
0.017854145515057054;0.6163636363636363;
0.017780394055499475;0.6177272727272727;
0.017707089771874514;0.6190909090909091;
0.01763423163050792;0.6204545454545454;
0.01756181860305194;0.6218181818181818;
0.017489849666757696;0.6231818181818182;
0.017418323804748143;0.6245454545454545;
0.01734724000629142;0.6259090909090909;
0.01727659726707502;0.6272727272727272;
0.017206394589480457;0.6286363636363638;
0.017136630982858947;0.63;
0.017067305463807945;0.6313636363636363;
0.016998417056448785;0.6327272727272727;
0.01692996479270554;0.6340909090909091;
0.01686194771258499;0.6354545454545455;
0.016794364864458313;0.6368181818181818;
0.01672721530534401;0.6381818181818182;
0.016660498101192654;0.6395454545454545;
0.01659421232717342;0.640909090909091;
0.01652835706796249;0.6422727272727272;
0.01646293141803349;0.6436363636363637;
0.01639793448195012;0.645;
0.0163333653746613;0.6463636363636364;
0.016269223221798367;0.6477272727272727;
0.016205507159975246;0.649090909090909;
0.016142216337091248;0.6504545454545454;
0.016079349912636827;0.6518181818181819;
0.016016907058002256;0.6531818181818182;
0.015954886956789642;0.6545454545454544;
0.015893288805128424;0.6559090909090909;
0.015832111811994152;0.6572727272727273;
0.01577135519953128;0.6586363636363637;
0.015711018203379654;0.66;
0.01565110007300519;0.6613636363636363;
0.015591600072034754;0.6627272727272728;
0.01553251747859557;0.6640909090909091;
0.015473851585659256;0.6654545454545455;
0.0154156017013906;0.6668181818181818;
0.015357767149501591;0.6681818181818182;
0.015300347269610659;0.6695454545454546;
0.01524334141760723;0.6709090909090909;
0.015186748966022288;0.6722727272727272;
0.015130569304404621;0.6736363636363637;
0.015074801839703528;0.675;
0.015019445996657606;0.6763636363636363;
0.014964501218190578;0.6777272727272727;
0.0149099669658138;0.6790909090909092;
0.014855842720036155;0.6804545454545455;
0.014802127980781288;0.6818181818181818;
0.014748822267812782;0.6831818181818181;
0.014695925121167257;0.6845454545454545;
0.014643436101595875;0.6859090909090909;
0.014591354791014623;0.6872727272727274;
0.014539680792963493;0.6886363636363636;
0.014488413733075065;0.69;
0.01443755325955269;0.6913636363636364;
0.014387099043658941;0.6927272727272727;
0.01433705078021417;0.6940909090909091;
0.014287408188106079;0.6954545454545454;
0.014238171010810402;0.6968181818181819;
0.014189339016923229;0.6981818181818181;
0.014140912000705228;0.6995454545454546;
0.01409288978263838;0.7009090909090908;
0.014045272209995784;0.7022727272727273;
0.013998059157424473;0.7036363636363636;
0.013951250527542336;0.705;
0.013904846251549472;0.7063636363636363;
0.013858846289853989;0.7077272727272728;
0.013813250632713768;0.7090909090909091;
0.013768059300893648;0.7104545454545454;
0.01372327234633963;0.7118181818181818;
0.013678889852869799;0.7131818181818183;
0.013634911936883275;0.7145454545454546;
0.013591338748087458;0.7159090909090909;
0.013548170470244324;0.7172727272727273;
0.013505407321936464;0.7186363636363636;
0.013463049557353638;0.72;
0.013421097467100645;0.7213636363636364;
0.013379551379026834;0.7227272727272727;
0.013338411659078819;0.7240909090909091;
0.013297678712176634;0.7254545454545455;
0.013257352983114316;0.7268181818181818;
0.013217434957486012;0.7281818181818182;
0.013177925162638455;0.7295454545454544;
0.01313882416865056;0.730909090909091;
0.0131001325893415;0.7322727272727273;
0.013061851083308222;0.7336363636363636;
0.013023980354993242;0.7349999999999999;
0.012986521155784223;0.7363636363636364;
0.012949474285146305;0.7377272727272728;
0.012912840591788545;0.739090909090909;
0.0128766209748656;0.7404545454545454;
0.012840816385216103;0.7418181818181818;
0.012805427826639326;0.7431818181818183;
0.012770456357211074;0.7445454545454545;
0.012735903090640923;0.745909090909091;
0.01270176919767188;0.7472727272727273;
0.012668055907524647;0.7486363636363635;
0.012634764509387579;0.75;
0.012601896353954707;0.7513636363636365;
0.0125694528550135;0.7527272727272727;
0.012537435491084107;0.754090909090909;
0.012505845807112594;0.7554545454545455;
0.012474685416219829;0.7568181818181817;
0.01244395600150868;0.7581818181818182;
0.012413659317931473;0.7595454545454546;
0.012383797194220576;0.760909090909091;
0.012354371534884192;0.7622727272727272;
0.01232538432227056;0.7636363636363636;
0.012296837618702799;0.7650000000000001;
0.012268733568687918;0.7663636363636364;
0.012241074401202463;0.7677272727272727;
0.0122138624320585;0.769090909090909;
0.01218710006635305;0.7704545454545456;
0.012160789801004535;0.7718181818181818;
0.012134934227379891;0.7731818181818181;
0.012109536034016348;0.7745454545454545;
0.012084598009441819;0.7759090909090909;
0.012060123045098197;0.7772727272727273;
0.012036114138371896;0.7786363636363636;
0.012012574395736681;0.78;
0.011989507036013255;0.7813636363636364;
0.011966915393751026;0.7827272727272727;
0.011944802922737495;0.7840909090909091;
0.011923173199640865;0.7854545454545455;
0.011902029927791834;0.7868181818181817;
0.011881376941111051;0.7881818181818182;
0.011861218208188777;0.7895454545454546;
0.01184155783652345;0.7909090909090909;
0.011822400076927071;0.7922727272727272;
0.01180374932810458;0.7936363636363637;
0.011785610141415733;0.795;
0.011767987225827687;0.7963636363636364;
0.011750885453067787;0.7977272727272726;
0.011734309862985797;0.7990909090909092;
0.011718265669135365;0.8004545454545454;
0.011702758264586062;0.8018181818181819;
0.011687793227976325;0.8031818181818181;
0.011673376329819844;0.8045454545454547;
0.0116595135390772;0.8059090909090909;
0.011646211030006534;0.8072727272727271;
0.011633475189306824;0.8086363636363636;
0.011621312623568412;0.81;
0.011609730167046736;0.8113636363636364;
0.011598734889775463;0.8127272727272726;
0.011588334106036468;0.8140909090909091;
0.011578535383205229;0.8154545454545455;
0.01156934655099133;0.8168181818181818;
0.011560775711094607;0.8181818181818182;
0.011552831247298953;0.8195454545454546;
0.011545521836027414;0.8209090909090908;
0.011538856457383083;0.8222727272727273;
0.011532844406702155;0.8236363636363637;
0.011527495306647165;0.825;
0.011522819119870171;0.8263636363636363;
0.011518826162277323;0.8277272727272728;
0.011515527116928513;0.8290909090909092;
0.011512933048607881;0.8304545454545454;
0.011511055419103355;0.8318181818181817;
0.011509906103235596;0.8331818181818182;
0.011509497405679671;0.8345454545454545;
0.01150984207862598;0.8359090909090909;
0.011510953340328842;0.8372727272727272;
0.011512844894596228;0.8386363636363637;
0.011515530951275986;0.84;
0.011519026247799253;0.8413636363636363;
0.011523346071844475;0.8427272727272727;
0.011528506285191337;0.8440909090909091;
0.011534523348837873;0.8454545454545456;
0.011541414349459093;0.8468181818181818;
0.011549197027292324;0.8481818181818181;
0.011557889805538922;0.8495454545454546;
0.011567511821380065;0.8509090909090908;
0.01157808295871068;0.8522727272727273;
0.011589623882703464;0.8536363636363636;
0.011602156076323948;0.855;
0.011615701878925624;0.8563636363636363;
0.01163028452706523;0.8577272727272728;
0.011645928197688449;0.859090909090909;
0.011662658053847997;0.8604545454545455;
0.011680500293129309;0.8618181818181818;
0.011699482198972669;0.8631818181818183;
0.011719632195095775;0.8645454545454545;
0.011740979903237579;0.8659090909090907;
0.01176355620446229;0.8672727272727273;
0.0117873933042822;0.8686363636363637;
0.011812524801879724;0.87;
0.011838985763732832;0.8713636363636362;
0.011866812801974479;0.8727272727272729;
0.011896044157844139;0.8740909090909091;
0.011926719790622745;0.8754545454545454;
0.011958881472475145;0.8768181818181818;
0.011992572889663385;0.8781818181818182;
0.012027839750635606;0.8795454545454546;
0.012064729901541569;0.8809090909090909;
0.012103293449777315;0.8822727272727273;
0.012143582896216908;0.8836363636363637;
0.012185653276853257;0.8849999999999999;
0.012229562314637643;0.8863636363636364;
0.012275370582385417;0.8877272727272728;
0.012323141677700074;0.889090909090909;
0.012372942410963391;0.8904545454545455;
0.012424843007543939;0.8918181818181818;
0.012478917325494875;0.8931818181818181;
0.012535243090143252;0.8945454545454545;
0.012593902147119444;0.895909090909091;
0.012654980735540403;0.8972727272727273;
0.012718569783244588;0.8986363636363636;
0.012784765226183686;0.8999999999999999;
0.012853668354308553;0.9013636363636365;
0.012925386186549395;0.9027272727272727;
0.013000031877786174;0.9040909090909092;
0.013077725161038532;0.9054545454545454;
0.013158592828483355;0.906818181818182;
0.013242769255336405;0.9081818181818182;
0.01333039697112172;0.9095454545454544;
0.01342162728340554;0.9109090909090909;
0.013516620959703416;0.9122727272727272;
0.01361554897399078;0.9136363636363637;
0.013718593325071148;0.9149999999999999;
0.013825947935003548;0.9163636363636364;
0.013937819636877596;0.9177272727272728;
0.014054429262477512;0.9190909090909091;
0.014176012841821514;0.9204545454545454;
0.014302822928235731;0.9218181818181819;
0.014435130064561952;0.9231818181818181;
0.014573224408353394;0.9245454545454546;
0.01471741753654104;0.9259090909090909;
0.014868044453126953;0.9272727272727272;
0.015025465827060712;0.9286363636363636;
0.015190070491686965;0.93;
0.015362278242142643;0.9313636363636365;
0.01554254297297962;0.9327272727272727;
0.01573135620528727;0.934090909090909;
0.015929251060916888;0.9354545454545455;
0.016136806751355377;0.9368181818181818;
0.01635465366071748;0.9381818181818182;
0.016583479116662504;0.9395454545454545;
0.016824033960364054;0.940909090909091;
0.017077140047657976;0.9422727272727273;
0.017343698839069385;0.9436363636363635;
0.01762470126769657;0.945;
0.01792123911236766;0.9463636363636364;
0.018234518150946344;0.9477272727272728;
0.018565873427563242;0.9490909090909091;
0.018916787041044884;0.9504545454545454;
0.019288908954020845;0.9518181818181819;
0.019684081438576993;0.9531818181818181;
0.02010436792212912;0.9545454545454546;
0.020552087186141214;0.9559090909090909;
0.02102985411353778;0.9572727272727272;
0.021540628496047008;0.9586363636363636;
0.022087773824866326;0.9600000000000001;
0.022675128531119755;0.9613636363636363;
0.023307092864467898;0.9627272727272728;
0.023988735566846435;0.9640909090909091;
0.024725925811042458;0.9654545454545456;
0.025525497672072763;0.9668181818181818;
0.026395456891207102;0.968181818181818;
0.027345243188538506;0.9695454545454546;
0.02838606635096699;0.9709090909090908;
0.029531341493694126;0.9722727272727273;
0.030797259402871664;0.9736363636363635;
0.03220354353585306;0.9750000000000001;
0.03377446905999397;0.9763636363636364;
0.035540256232247734;0.9777272727272727;
0.03753900901425605;0.979090909090909;
0.03981946520073999;0.9804545454545455;
0.042444984105675855;0.9818181818181819;
0.045499474203912864;0.9831818181818182;
0.04909645893601055;0.9845454545454545;
0.053393406528791446;0.985909090909091;
0.05861527184340645;0.9872727272727272;
0.06509498835401885;0.9886363636363636;
0.07334708992723175;0.9900000000000001;
0.08421107955047177;0.9913636363636363;
0.09915608787982104;0.9927272727272727;
0.1210073667002342;0.9940909090909091;
0.15598047061419065;0.9954545454545454;
0.22094619164408133;0.9968181818181818;
0.3833876995452896;0.9981818181818182;
1.5205862077555918;0.9995454545454546;
-0.7538643541993978;1.000909090909091;
-0.7538643541993978;1.000909090909091;
-0.2989954889612014;1.0022727272727272;
-0.2989954889612014;1.0022727272727272;
-0.18529144601908837;1.0036363636363637;
-0.18529144601908837;1.0036363636363637;
-0.13361729418654567;1.005;
-0.13361729418654567;1.005;
-0.04327683529836232;1.0145454545454546;
-0.04327683529836232;1.0145454545454546;
-0.03923211959300754;1.0159090909090909;
-0.03923211959300754;1.0159090909090909;
-0.035828602300469185;1.0172727272727273;
-0.035828602300469185;1.0172727272727273;
-0.0329255135148052;1.0186363636363636;
-0.0329255135148052;1.0186363636363636;
-0.030420475258070012;1.02;
-0.030420475258070012;1.02;
-0.028237248736446594;1.0213636363636363;
-0.028237248736446594;1.0213636363636363;
-0.026317892584175797;1.0227272727272727;
-0.026317892584175797;1.0227272727272727;
-0.024617584345403187;1.0240909090909092;
-0.024617584345403187;1.0240909090909092;
-0.023101106479720676;1.0254545454545454;
-0.023101106479720676;1.0254545454545454;
-0.021740404433817927;1.0268181818181819;
-0.021740404433817927;1.0268181818181819;
-0.02051285366007929;1.0281818181818183;
-0.02051285366007929;1.0281818181818183;
-0.019400006537725202;1.0295454545454545;
-0.019400006537725202;1.0295454545454545;
-0.01838667099130259;1.030909090909091;
-0.01838667099130259;1.030909090909091;
-0.01746022269885758;1.0322727272727272;
-0.01746022269885758;1.0322727272727272;
-0.016610084600825553;1.0336363636363637;
-0.016610084600825553;1.0336363636363637;
-0.01582732808217123;1.035;
-0.01582732808217123;1.035;
-0.015104363888549625;1.0363636363636362;
-0.015104363888549625;1.0363636363636362;
-0.0144347000727006;1.0377272727272728;
-0.0144347000727006;1.0377272727272728;
-0.013812750603228922;1.039090909090909;
-0.013812750603228922;1.039090909090909;
-0.013233682681722234;1.0404545454545455;
-0.013233682681722234;1.0404545454545455;
-0.012693293932610995;1.0418181818181818;
-0.012693293932610995;1.0418181818181818;
-0.012187912862319301;1.0431818181818182;
-0.012187912862319301;1.0431818181818182;
-0.01171431760143234;1.0445454545454547;
-0.01171431760143234;1.0445454545454547;
-0.011269669128458734;1.045909090909091;
-0.011269669128458734;1.045909090909091;
-0.010851456051021903;1.0472727272727271;
-0.010851456051021903;1.0472727272727271;
-0.010457448676198649;1.0486363636363636;
-0.010457448676198649;1.0486363636363636;
-0.01008566059662238;1.05;
-0.01008566059662238;1.05;
-0.009734316395616371;1.0513636363636363;
-0.009734316395616371;1.0513636363636363;
-0.009401824363601251;1.0527272727272727;
-0.009401824363601251;1.0527272727272727;
-0.009086753341434611;1.0540909090909092;
-0.009086753341434611;1.0540909090909092;
-0.008787812980308642;1.0554545454545454;
-0.008787812980308642;1.0554545454545454;
-0.008503836844224292;1.0568181818181819;
-0.008503836844224292;1.0568181818181819;
-0.008233767888682079;1.0581818181818183;
-0.008233767888682079;1.0581818181818183;
-0.007976645934668573;1.0595454545454546;
-0.007976645934668573;1.0595454545454546;
-0.0077315968252435726;1.0609090909090908;
-0.0077315968252435726;1.0609090909090908;
-0.007497823006810943;1.0622727272727273;
-0.007497823006810943;1.0622727272727273;
-0.007274595321370288;1.0636363636363635;
-0.007274595321370288;1.0636363636363635;
-0.007061245831913355;1.065;
-0.007061245831913355;1.065;
-0.006857161532362231;1.0663636363636364;
-0.006857161532362231;1.0663636363636364;
-0.006661778817382111;1.0677272727272729;
-0.006661778817382111;1.0677272727272729;
-0.006474578607086053;1.069090909090909;
-0.006474578607086053;1.069090909090909;
-0.006295082037904488;1.0704545454545453;
-0.006295082037904488;1.0704545454545453;
-0.00612284664436969;1.071818181818182;
-0.00612284664436969;1.071818181818182;
-0.005957462967782878;1.0731818181818182;
-0.005957462967782878;1.0731818181818182;
-0.005798551537101823;1.0745454545454545;
-0.005798551537101823;1.0745454545454545;
-0.00564576017524332;1.075909090909091;
-0.00564576017524332;1.075909090909091;
-0.005498761590601759;1.0772727272727274;
-0.005498761590601759;1.0772727272727274;
-0.005357251219162454;1.0786363636363636;
-0.005357251219162454;1.0786363636363636;
-0.005220945287308918;1.0799999999999998;
-0.005220945287308918;1.0799999999999998;
-0.005089579069433045;1.0813636363636363;
-0.005089579069433045;1.0813636363636363;
-0.004962905317870517;1.0827272727272728;
-0.004962905317870517;1.0827272727272728;
-0.004840692845600431;1.0840909090909092;
-0.004840692845600431;1.0840909090909092;
-0.0047227252446449845;1.0854545454545454;
-0.0047227252446449845;1.0854545454545454;
-0.004608799725249237;1.086818181818182;
-0.004608799725249237;1.086818181818182;
-0.004498726062767006;1.0881818181818181;
-0.004498726062767006;1.0881818181818181;
-0.004392325640771329;1.0895454545454546;
-0.004392325640771329;1.0895454545454546;
